3 2
5 4
7 3
11 10
13 12
17 8
19 18
23 11
29 28
31 5
37 36
41 20
43 14
47 23
53 52
59 58
61 60
67 66
71 35
73 9
79 39
83 82
89 11
97 48
101 100
103 51
107 106
109 36
113 28
127 7
131 130
137 68
139 138
149 148
151 15
157 52
163 162
167 83
173 172
179 178
181 180
191 95
193 96
197 196
199 99
211 210
223 37
227 226
229 76
233 29
239 119
241 24
251 50
257 16
263 131
269 268
271 135
277 92
281 70
283 94
293 292
307 102
311 155
313 156
317 316
331 30
337 21
347 346
349 348
353 88
359 179
367 183
373 372
379 378
383 191
389 388
397 44
401 200
409 204
419 418
421 420
431 43
433 72
439 73
443 442
449 224
457 76
461 460
463 231
467 466
479 239
487 243
491 490
499 166
503 251
509 508
521 260
523 522
541 540
547 546
557 556
563 562
569 284
571 114
577 144
587 586
593 148
599 299
601 25
607 303
613 612
617 154
619 618
631 45
641 64
643 214
647 323
653 652
659 658
661 660
673 48
677 676
683 22
691 230
701 700
709 708
719 359
727 121
733 244
739 246
743 371
751 375
757 756
761 380
769 384
773 772
787 786
797 796
809 404
811 270
821 820
823 411
827 826
829 828
839 419
853 852
857 428
859 858
863 431
877 876
881 55
883 882
887 443
907 906
911 91
919 153
929 464
937 117
941 940
947 946
953 68
967 483
971 194
977 488
983 491
991 495
997 332
1009 504
1013 92
1019 1018
1021 340
1031 515
1033 258
1039 519
1049 262
1051 350
1061 1060
1063 531
1069 356
1087 543
1091 1090
1093 364
1097 274
1103 29
1109 1108
1117 1116
1123 1122
1129 564
1151 575
1153 288
1163 166
1171 1170
1181 236
1187 1186
1193 298
1201 300
1213 1212
1217 152
1223 611
1229 1228
1231 615
1237 1236
1249 156
1259 1258
1277 1276
1279 639
1283 1282
1289 161
1291 1290
1297 648
1301 1300
1303 651
1307 1306
1319 659
1321 60
1327 221
1361 680
1367 683
1373 1372
1381 1380
1399 233
1409 704
1423 237
1427 1426
1429 84
1433 179
1439 719
1447 723
1451 1450
1453 1452
1459 486
1471 245
1481 370
1483 1482
1487 743
1489 744
1493 1492
1499 1498
1511 755
1523 1522
1531 1530
1543 771
1549 1548
1553 194
1559 779
1567 783
1571 1570
1579 526
1583 791
1597 532
1601 400
1607 803
1609 201
1613 52
1619 1618
1621 1620
1627 542
1637 1636
1657 92
1663 831
1667 1666
1669 1668
1693 1692
1697 848
1699 566
1709 244
1721 215
1723 574
1733 1732
1741 1740
1747 1746
1753 146
1759 879
1777 74
1783 891
1787 1786
1789 596
1801 25
1811 362
1823 911
1831 305
1847 923
1861 1860
1867 1866
1871 935
1873 936
1877 1876
1879 939
1889 472
1901 1900
1907 1906
1913 239
1931 1930
1933 644
1949 1948
1951 975
1973 1972
1979 1978
1987 1986
1993 996
1997 1996
1999 333
2003 286
2011 402
2017 336
2027 2026
2029 2028
2039 1019
2053 2052
2063 1031
2069 2068
2081 1040
2083 2082
2087 1043
2089 29
2099 2098
2111 1055
2113 44
2129 532
2131 2130
2137 1068
2141 2140
2143 51
2153 1076
2161 1080
2179 726
2203 734
2207 1103
2213 2212
2221 2220
2237 2236
2239 1119
2243 2242
2251 750
2267 2266
2269 2268
2273 568
2281 190
2287 381
2293 2292
2297 1148
2309 2308
2311 1155
2333 2332
2339 2338
2341 780
2347 782
2351 47
2357 2356
2371 2370
2377 1188
2381 476
2383 397
2389 2388
2393 598
2399 1199
2411 482
2417 1208
2423 1211
2437 2436
2441 305
2447 1223
2459 2458
2467 2466
2473 618
2477 2476
2503 1251
2521 1260
2531 2530
2539 2538
2543 1271
2549 2548
2551 1275
2557 2556
2579 2578
2591 1295
2593 81
2609 1304
2617 1308
2621 2620
2633 1316
2647 1323
2657 166
2659 2658
2663 1331
2671 445
2677 2676
2683 2682
2687 79
2689 224
2693 2692
2699 2698
2707 2706
2711 1355
2713 1356
2719 1359
2729 1364
2731 26
2741 2740
2749 916
2753 1376
2767 461
2777 1388
2789 2788
2791 465
2797 2796
2801 1400
2803 2802
2819 2818
2833 118
2837 2836
2843 2842
2851 2850
2857 102
2861 2860
2879 1439
2887 1443
2897 1448
2903 1451
2909 2908
2917 972
2927 1463
2939 2938
2953 492
2957 2956
2963 2962
2969 371
2971 110
2999 1499
3001 1500
3011 3010
3019 3018
3023 1511
3037 3036
3041 1520
3049 762
3061 204
3067 3066
3079 1539
3083 3082
3089 772
3109 444
3119 1559
3121 156
3137 784
3163 1054
3167 1583
3169 1584
3181 1060
3187 3186
3191 55
3203 3202
3209 1604
3217 804
3221 644
3229 1076
3251 650
3253 3252
3257 407
3259 1086
3271 545
3299 3298
3301 660
3307 3306
3313 828
3319 1659
3323 3322
3329 1664
3331 222
3343 557
3347 3346
3359 1679
3361 168
3371 3370
3373 1124
3389 484
3391 113
3407 1703
3413 3412
3433 1716
3449 431
3457 576
3461 3460
3463 577
3467 3466
3469 3468
3491 3490
3499 3498
3511 1755
3517 3516
3527 1763
3529 882
3533 3532
3539 3538
3541 236
3547 3546
3557 3556
3559 1779
3571 3570
3581 3580
3583 1791
3593 1796
3607 601
3613 3612
3617 1808
3623 1811
3631 605
3637 3636
3643 3642
3659 3658
3671 1835
3673 918
3677 3676
3691 3690
3697 1848
3701 3700
3709 3708
3719 1859
3727 1863
3733 3732
3739 534
3761 188
3767 1883
3769 1884
3779 3778
3793 1896
3797 3796
3803 3802
3821 764
3823 637
3833 958
3847 1923
3851 3850
3853 3852
3863 1931
3877 3876
3881 388
3889 648
3907 3906
3911 1955
3917 3916
3919 1959
3923 3922
3929 1964
3931 3930
3943 219
3947 3946
3967 1983
3989 3988
4001 1000
4003 4002
4007 2003
4013 4012
4019 4018
4021 4020
4027 1342
4049 506
4051 50
4057 169
4073 2036
4079 2039
4091 4090
4093 4092
4099 4098
4111 2055
4127 2063
4129 688
4133 4132
4139 4138
4153 346
4157 4156
4159 2079
4177 87
4201 525
4211 842
4217 1054
4219 4218
4229 4228
4231 2115
4241 2120
4243 4242
4253 4252
4259 4258
4261 4260
4271 305
4273 534
4283 4282
4289 1072
4297 537
4327 2163
4337 2168
4339 1446
4349 4348
4357 4356
4363 4362
4373 4372
4391 2195
4397 4396
4409 551
4421 340
4423 737
4441 2220
4447 2223
4451 4450
4457 1114
4463 2231
4481 560
4483 4482
4493 4492
4507 4506
4513 47
4517 4516
4519 753
4523 266
4547 4546
4549 1516
4561 2280
4567 761
4583 2291
4591 2295
4597 1532
4603 4602
4621 4620
4637 4636
4639 2319
4643 422
4649 2324
4651 1550
4657 388
4663 777
4673 2336
4679 2339
4691 4690
4703 2351
4721 295
4723 4722
4729 788
4733 364
4751 475
4759 793
4783 2391
4787 4786
4789 4788
4793 2396
4799 2399
4801 1200
4813 4812
4817 1204
4831 2415
4861 972
4871 487
4877 4876
4889 2444
4903 2451
4909 1636
4919 2459
4931 986
4933 4932
4937 1234
4943 2471
4951 2475
4957 4956
4967 2483
4969 2484
4973 4972
4987 4986
4993 624
4999 357
5003 5002
5009 2504
5011 5010
5021 1004
5023 2511
5039 2519
5051 5050
5059 5058
5077 5076
5081 635
5087 2543
5099 5098
5101 1700
5107 5106
5113 426
5119 2559
5147 5146
5153 112
5167 861
5171 5170
5179 5178
5189 5188
5197 1732
5209 217
5227 5226
5231 2615
5233 1308
5237 748
5261 5260
5273 2636
5279 377
5281 2640
5297 662
5303 2651
5309 5308
5323 1774
5333 5332
5347 198
5351 2675
5381 1076
5387 5386
5393 1348
5399 2699
5407 2703
5413 1804
5417 2708
5419 42
5431 2715
5437 1812
5441 544
5443 5442
5449 908
5471 547
5477 5476
5479 2739
5483 5482
5501 5500
5503 917
5507 5506
5519 2759
5521 2760
5527 2763
5531 790
5557 5556
5563 5562
5569 464
5573 5572
5581 124
5591 2795
5623 2811
5639 2819
5641 564
5647 2823
5651 5650
5653 1884
5657 2828
5659 5658
5669 436
5683 5682
5689 711
5693 5692
5701 5700
5711 571
5717 5716
5737 239
5741 5740
5743 2871
5749 5748
5779 5778
5783 2891
5791 2895
5801 2900
5807 2903
5813 5812
5821 388
5827 5826
5839 2919
5843 5842
5849 2924
5851 5850
5857 2928
5861 1172
5867 838
5869 5868
5879 2939
5881 1470
5897 2948
5903 2951
5923 5922
5927 2963
5939 5938
5953 992
5981 460
5987 5986
6007 1001
6011 6010
6029 6028
6037 2012
6043 318
6047 3023
6053 6052
6067 6066
6073 3036
6079 1013
6089 761
6091 2030
6101 6100
6113 3056
6121 1530
6131 6130
6133 2044
6143 3071
6151 1025
6163 2054
6173 6172
6197 6196
6199 3099
6203 6202
6211 6210
6217 1036
6221 1244
6229 6228
6247 3123
6257 3128
6263 3131
6269 6268
6271 1045
6277 6276
6287 3143
6299 6298
6301 2100
6311 3155
6317 6316
6323 6322
6329 3164
6337 288
6343 3171
6353 397
6359 3179
6361 53
6367 3183
6373 6372
6379 6378
6389 6388
6397 6396
6421 2140
6427 2142
6449 806
6451 2150
6469 6468
6473 3236
6481 810
6491 6490
6521 1630
6529 102
6547 6546
6551 3275
6553 117
6563 386
6569 1642
6571 1314
6577 3288
6581 1316
6599 3299
6607 3303
6619 6618
6637 6636
6653 6652
6659 6658
6661 2220
6673 1112
6679 159
6689 836
6691 6690
6701 6700
6703 3351
6709 6708
6719 3359
6733 6732
6737 3368
6761 1690
6763 6762
6779 6778
6781 6780
6791 679
6793 1698
6803 6802
6823 3411
6827 6826
6829 6828
6833 3416
6841 1710
6857 857
6863 3431
6869 6868
6871 687
6883 6882
6899 6898
6907 6906
6911 3455
6917 6916
6947 6946
6949 6948
6959 497
6961 1160
6967 1161
6971 6970
6977 3488
6983 3491
6991 3495
6997 2332
7001 500
7013 7012
7019 7018
7027 7026
7039 3519
7043 7042
7057 392
7069 7068
7079 3539
7103 3551
7109 7108
7121 890
7127 3563
7129 1782
7151 325
7159 3579
7177 3588
7187 7186
7193 3596
7207 3603
7211 7210
7213 2404
7219 7218
7229 7228
7237 7236
7243 7242
7247 3623
7253 7252
7283 7282
7297 3648
7307 7306
7309 1044
7321 1220
7331 7330
7333 2444
7349 7348
7351 525
7369 1228
7393 264
7411 7410
7417 3708
7433 3716
7451 7450
7457 3728
7459 7458
7477 7476
7481 1870
7487 197
7489 468
7499 7498
7507 7506
7517 7516
7523 7522
7529 941
7537 1256
7541 7540
7547 7546
7549 7548
7559 3779
7561 3780
7573 7572
7577 1894
7583 3791
7589 7588
7591 3795
7603 7602
7607 3803
7621 7620
7639 1273
7643 7642
7649 3824
7669 7668
7673 3836
7681 3840
7687 3843
7691 7690
7699 2566
7703 3851
7717 7716
7723 2574
7727 3863
7741 2580
7753 323
7757 7756
7759 3879
7789 7788
7793 1948
7817 1954
7823 3911
7829 7828
7841 1960
7853 7852
7867 874
7873 1312
7877 7876
7879 3939
7883 7882
7901 7900
7907 7906
7919 3959
7927 1321
7933 7932
7937 3968
7949 7948
7951 3975
7963 2654
7993 999
8009 4004
8011 2670
8017 4008
8039 4019
8053 8052
8059 2686
8069 8068
8081 1010
8087 4043
8089 4044
8093 8092
8101 100
8111 4055
8117 8116
8123 8122
8147 8146
8161 408
8167 1361
8171 8170
8179 8178
8191 13
8209 2052
8219 8218
8221 8220
8231 4115
8233 2058
8237 8236
8243 8242
8263 4131
8269 8268
8273 2068
8287 1381
8291 8290
8293 8292
8297 4148
8311 4155
8317 308
8329 4164
8353 464
8363 8362
8369 2092
8377 1396
8387 8386
8389 2796
8419 2806
8423 4211
8429 8428
8431 4215
8443 8442
8447 4223
8461 1692
8467 8466
8501 1700
8513 4256
8521 4260
8527 4263
8537 2134
8539 8538
8543 4271
8563 8562
8573 8572
8581 660
8597 8596
8599 4299
8609 1076
8623 4311
8627 8626
8629 2876
8641 4320
8647 4323
8663 4331
8669 8668
8677 8676
8681 124
8689 4344
8693 8692
8699 8698
8707 2902
8713 363
8719 1453
8731 8730
8737 4368
8741 8740
8747 8746
8753 4376
8761 365
8779 2926
8783 4391
8803 8802
8807 4403
8819 8818
8821 8820
8831 883
8837 8836
8839 4419
8849 4424
8861 8860
8863 1477
8867 8866
8887 4443
8893 2964
8923 8922
8929 496
8933 8932
8941 2980
8951 4475
8963 8962
8969 1121
8971 8970
8999 4499
9001 2250
9007 4503
9011 9010
9013 3004
9029 9028
9041 904
9043 3014
9049 4524
9059 9058
9067 3022
9091 1818
9103 4551
9109 3036
9127 4563
9133 3044
9137 1142
9151 4575
9157 1308
9161 4580
9173 9172
9181 9180
9187 3062
9199 4599
9203 9202
9209 2302
9221 9220
9227 9226
9239 4619
9241 2310
9257 4628
9277 3092
9281 1160
9283 9282
9293 9292
9311 4655
9319 4659
9323 9322
9337 2334
9341 9340
9343 4671
9349 9348
9371 9370
9377 2344
9391 4695
9397 9396
9403 3134
9413 724
9419 9418
9421 9420
9431 943
9433 4716
9437 9436
9439 1573
9461 1892
9463 1577
9467 9466
9473 2368
9479 4739
9491 9490
9497 4748
9511 317
9521 476
9533 9532
9539 9538
9547 9546
9551 4775
9587 9586
9601 2400
9613 9612
9619 9618
9623 283
9629 9628
9631 1605
9643 9642
9649 402
9661 9660
9677 9676
9679 4839
9689 4844
9697 2424
9719 43
9721 810
9733 9732
9739 3246
9743 4871
9749 9748
9767 4883
9769 1221
9781 652
9787 3262
9791 4895
9803 9802
9811 3270
9817 1636
9829 1404
9833 4916
9839 4919
9851 9850
9857 4928
9859 9858
9871 4935
9883 9882
9887 4943
9901 9900
9907 9906
9923 9922
9929 292
9931 3310
9941 9940
9949 9948
9967 4983
9973 3324
